1 0.075152 0.207515 0.029790 0.025051
1 0.074137 0.315843 0.033175 0.029113
1 0.096141 0.322275 0.010833 0.012187
1 0.068043 0.347664 0.020988 0.016926
1 0.306026 0.227150 0.051456 0.039946
1 0.353758 0.249154 0.029113 0.023020
1 0.084631 0.570413 0.064997 0.046716
1 0.139810 0.558565 0.037238 0.028436
1 0.307718 0.350372 0.054841 0.045362
1 0.504062 0.234259 0.048070 0.032498
1 0.554502 0.228842 0.048747 0.041977
1 0.359851 0.381178 0.033175 0.031144
1 0.185850 0.560596 0.042654 0.037915
1 0.228165 0.558565 0.031144 0.028436
1 0.537238 0.373731 0.107651 0.067705
1 0.372376 0.583954 0.046039 0.039946
1 0.311442 0.553148 0.066351 0.047393
1 0.534529 0.575829 0.163169 0.129316
1 0.210223 0.723764 0.033175 0.024374
